A data set with 4 pops
Locus_A
Locus_B
Locus_C
Locus_D
Locus_E
Locus_F
Locus_G
Locus_H
Locus_I
Locus_J
Locus_K
Locus_L
Locus_M
Pop
Population-1.1 ,  178182 224224 235239 191193 191197 185189 223223 187190 131160 232232 257257 184184 243268
Population-1.10 ,  174178 224224 235239 191191 191191 185189 223223 187187 131160 232252 261261 184184 268268
Population-1.11 ,  174186 216216 235239 191191 191197 185189 223223 187187 131131 232232 257261 182182 243268
Population-1.12 ,  178186 224224 235238 191191 191191 185185 223223 187187 131131 232236 261261 182182 243243
Population-1.13 ,  174190 224224 235239 191191 191191 185189 231231 187187 131160 228232 257261 182182 243243
Population-1.14 ,  174178 216216 231239 191191 191191 181189 223223 187187 000000 228252 257261 182184 243268
Population-1.15 ,  174178 224224 235235 191191 191197 185185 223223 187187 131160 232232 257265 184186 243268
Population-1.16 ,  174186 224224 235239 191191 191191 185189 223231 187187 139139 228232 257261 184192 243268
Population-1.17 ,  178182 224224 235239 191191 191191 185189 223223 187187 131160 232232 257261 186186 243268
Population-1.18 ,  174178 216224 231238 191191 191191 181185 222231 187187 131131 232252 261261 182186 243243
Population-1.19 ,  182182 224224 231239 191191 191191 181189 223223 187187 131131 232232 257261 182184 243243
Population-1.2 ,  186190 224224 235238 191193 191191 185185 223231 187190 131131 232232 257261 182184 243268
Population-1.20 ,  174178 224224 238239 188191 191191 185189 223223 184187 131131 232232 257261 182186 243268
Population-1.21 ,  166174 224224 235238 191191 191191 185185 223223 187187 131160 232268 257257 184186 243268
Population-1.22 ,  174190 224224 235238 191191 191191 185185 230230 187187 123131 228232 257261 182184 243243
Population-1.23 ,  166190 224224 235238 191193 191191 185185 223231 187190 160160 228228 257261 186186 243243
Population-1.24 ,  178186 224224 235239 191191 191191 185189 223231 187187 131131 232232 261261 182184 243243
Population-1.25 ,  174178 216224 239239 191193 191191 189189 223230 187190 131160 232232 261261 182182 243268
Population-1.26 ,  182182 224224 238239 191191 191191 185189 223231 187187 131131 232232 257257 184192 243268
Population-1.27 ,  174178 216224 235235 191191 191191 185185 223231 187187 131160 232252 261261 184184 243248
Population-1.28 ,  178178 216224 235239 191191 191191 185189 223230 187187 131131 232252 261265 182186 243243
Population-1.29 ,  174174 224224 219235 191193 191191 169185 223254 187190 131131 232232 261261 182184 243243
Population-1.3 ,  178178 224224 235235 191191 191191 185185 223235 187187 131160 232252 257261 184184 243268
Population-1.30 ,  218218 224224 235239 191191 191197 185189 223223 187187 131131 232268 257261 184184 243248
Population-1.31 ,  174186 224224 235238 191191 191197 185185 223231 187187 123131 232232 261261 184184 243268
Population-1.32 ,  174178 224224 231235 191191 191191 181185 223230 187187 131131 232249 261261 182186 243248
Population-1.33 ,  178178 216224 235235 191191 191191 185185 223235 187187 131160 232232 261261 182182 243268
Population-1.34 ,  178178 224224 235235 191191 191191 185185 230231 187187 131131 232252 261261 182186 243243
Population-1.35 ,  174178 224224 219235 191191 191191 169185 223223 187187 131131 228249 261261 184190 243243
Population-1.36 ,  178178 216216 235238 191191 191197 185185 223231 187187 131131 232232 261265 182186 243243
Population-1.37 ,  178178 224224 235239 191191 191191 185189 223231 187187 131160 232232 257261 182182 243256
Population-1.38 ,  166178 224224 238239 191191 191191 185189 223231 187187 131131 232232 257261 182186 243243
Population-1.39 ,  178182 216224 235235 191191 191197 185185 210223 176187 123131 232232 261261 182182 243243
Population-1.4 ,  178186 224224 235239 191191 191197 185189 223223 000000 123131 232252 257265 186186 243268
Population-1.40 ,  174182 224224 235238 191191 191191 185185 223223 187187 131131 232232 257261 182182 243243
Population-1.41 ,  178182 224224 239239 191191 191191 189189 223231 187187 131131 228232 261261 184184 243243
Population-1.42 ,  178182 224224 231235 191191 191197 181185 230231 187187 131160 232232 257261 184186 243243
Population-1.43 ,  178178 224224 235238 191191 191191 185185 223231 187187 123160 232252 261261 182182 243243
Population-1.44 ,  178178 216224 235235 191191 191191 185185 223231 187187 131131 232232 261265 186203 243268
Population-1.45 ,  178186 224224 235235 191191 191191 185185 223223 187187 123131 228232 261261 182192 243243
Population-1.46 ,  174182 216224 235238 191191 191197 185185 223223 187187 131160 232249 257261 184186 243243
Population-1.47 ,  178178 216224 235235 191191 191191 185185 223223 176187 131160 232232 261261 182184 243268
Population-1.48 ,  178178 224224 231239 191193 191197 181189 223231 187190 131160 232232 261261 184186 243243
Population-1.49 ,  178178 224224 238239 191191 191191 185189 223223 187187 131131 232268 261261 186186 243243
Population-1.5 ,  174190 224224 235238 191191 191191 185185 223223 187187 131131 228232 261261 184184 243268
Population-1.50 ,  186186 224224 235235 191191 191191 185185 223223 187187 131131 232232 257261 182182 243243
Population-1.6 ,  178178 216224 235235 191193 191191 185185 223231 187190 160160 232232 261265 184184 243243
Population-1.7 ,  174178 224224 235239 191191 191191 185189 223231 187187 131131 228232 257261 184184 243243
Population-1.8 ,  178178 224224 235239 191191 191191 185189 223223 187187 131131 232232 261261 184186 243243
Population-1.9 ,  174174 216224 231235 191191 191191 181185 223231 187187 131131 232252 261265 182184 243243
Pop
Population-2.1 ,  178178 224224 235239 191191 191191 185189 223223 187187 123131 232232 261261 182182 243243
Population-2.10 ,  174178 224224 235235 191191 191191 185185 223223 187187 131131 228232 261261 184186 243243
Population-2.10 ,  178178 224224 235235 191191 191191 185185 223235 187187 131131 232232 257261 186186 243243
Population-2.11 ,  174182 224224 235239 191193 191191 185189 223231 187190 123131 232240 261261 184184 243268
Population-2.11 ,  178186 216216 231239 191191 191197 181189 223235 187187 131131 232232 261265 182184 243268
Population-2.12 ,  178186 224224 235235 191191 191197 185185 230235 187187 131160 249252 261265 184192 243243
Population-2.12 ,  182182 216224 235238 191191 191191 185185 223230 187187 123131 232232 257257 182184 243243
Population-2.13 ,  178178 224224 238238 191191 191191 185185 223223 187187 131131 232232 257261 184186 243268
Population-2.13 ,  178182 216224 235235 191191 191191 185185 223230 187187 131131 232256 261265 182184 243243
Population-2.14 ,  000000 224224 238238 191191 191191 185185 223231 187187 119131 000000 257261 184186 243243
Population-2.14 ,  174178 224224 238239 191191 191191 185189 223223 187187 131131 249252 257261 182182 243268
Population-2.15 ,  174178 224224 239239 191193 191191 189189 223231 187190 131131 232232 257261 186192 243243
Population-2.15 ,  178178 216224 235239 191191 191191 185189 223223 187187 131131 232232 257265 182186 243243
Population-2.16 ,  178182 216224 235239 191191 191191 185189 223223 187187 131131 232236 261261 182186 243268
Population-2.16 ,  182190 224224 235238 191191 191197 174185 223231 187187 131131 228228 257261 182186 243243
Population-2.17 ,  182186 216224 235238 191193 191191 185185 223263 187190 131160 232252 261265 186192 243243
Population-2.17 ,  186186 224224 235239 191191 191191 185189 223230 187187 131131 232240 261265 182184 243268
Population-2.18 ,  178190 216216 235239 191191 191191 185189 223223 187187 123131 232232 257261 182182 243243
Population-2.18 ,  178190 216224 231235 191191 191191 181185 223230 187187 123131 232232 261261 182182 243256
Population-2.19 ,  178178 216224 239239 191193 191191 189189 223223 187190 131131 232232 257261 184184 243268
Population-2.19 ,  178178 224224 231235 191191 191191 181185 223230 187187 131131 232232 257261 181182 243243
Population-2.2 ,  178178 216224 235239 191191 191191 185189 223231 187187 131131 228232 257257 182184 243243
Population-2.2 ,  178178 224224 235239 191193 191191 185189 223223 187190 131160 232252 257261 186192 268272
Population-2.20 ,  174178 216224 231235 191193 191191 181185 223231 187190 131160 232232 257265 182184 243268
Population-2.20 ,  178178 216224 235235 191193 191191 185185 223223 187190 131160 232232 257261 182184 243268
Population-2.21 ,  174174 216224 235238 191191 191191 185185 223223 187187 131131 232232 257261 184186 243268
Population-2.21 ,  174178 224224 235235 191193 191197 185185 223231 187190 131131 232252 257261 184186 243243
Population-2.22 ,  178182 224224 235239 191193 191197 185189 223231 187190 131160 228232 257261 184184 243243
Population-2.22 ,  178190 216224 235239 191191 191197 185189 223231 187187 131131 000000 257261 184186 243243
Population-2.23 ,  174178 216216 235238 191193 191197 185185 230231 187190 160160 228268 257261 182184 243243
Population-2.23 ,  174186 224224 238238 191193 191191 185185 230235 187190 131131 232232 261261 184186 243268
Population-2.24 ,  178178 224224 238239 191193 191191 185189 223231 187190 123160 232232 257261 186186 243243
Population-2.24 ,  178186 216224 235235 191191 191191 185185 223231 187187 131131 232252 261261 182186 243268
Population-2.25 ,  174182 216224 231235 191191 191191 181185 231235 187187 131131 232232 261261 182184 243243
Population-2.25 ,  178178 224224 235235 191191 191191 185185 223223 187187 131131 232232 257261 186186 243268
Population-2.26 ,  174174 224224 235235 191191 191191 185185 223223 187187 123131 228240 261261 182184 243243
Population-2.26 ,  174186 224224 238238 191191 191191 185185 230231 187187 131131 232249 261261 178184 243243
Population-2.27 ,  178178 224224 230235 191191 191191 177185 223231 187187 131160 228252 257261 182184 243243
Population-2.27 ,  182186 224224 238239 191191 191191 185189 223230 187187 131160 232232 257261 182184 243268
Population-2.28 ,  178186 216216 239239 191193 191197 185189 223223 187190 131131 232252 261261 182182 243243
Population-2.28 ,  178190 224224 235239 191191 191191 185189 223223 187187 131131 228232 261261 182184 243268
Population-2.29 ,  178178 224224 235239 191191 191191 185189 223223 187187 131135 228232 261261 184184 243243
Population-2.29 ,  186186 224224 235239 191191 191191 185189 223223 187187 131131 232232 261261 184186 243243
Population-2.3 ,  174186 224224 239239 191193 191197 189189 223230 187190 131160 232252 257261 184186 243243
Population-2.3 ,  178182 216216 238238 191191 191191 185185 231231 187187 123131 232232 257257 182184 246268
Population-2.30 ,  178178 224224 235235 191191 191191 185185 223231 187187 123131 000000 257257 184186 243243
Population-2.30 ,  178178 224224 235239 191191 191191 185189 223231 187187 131131 228232 261261 182186 248268
Population-2.31 ,  178182 224224 235239 191191 191191 185189 223230 187187 131131 232232 261265 182184 243246
Population-2.32 ,  186190 224224 238239 191191 191191 185189 223231 187187 123131 232268 257257 182182 243243
Population-2.33 ,  174174 216224 231235 191191 191197 181185 223230 187187 123160 000000 261261 182184 243243
Population-2.34 ,  178178 224224 219235 191191 191191 169185 223231 187187 131160 232265 261261 184186 243243
Population-2.35 ,  186186 216216 219235 191191 191191 169185 231231 187187 131160 228252 261261 184186 243243
Population-2.36 ,  178178 224224 235235 191191 191191 185185 230231 187187 131131 232232 261261 182186 243243
Population-2.37 ,  178182 224224 231238 191191 191191 181185 223231 187187 131131 252265 257261 182184 243243
Population-2.38 ,  178182 216224 235239 191191 191191 185189 223231 187187 131131 232232 257261 182184 243243
Population-2.39 ,  178186 224224 223235 191191 191191 173185 223223 187187 131160 232232 257261 184186 243268
Population-2.4 ,  178178 216224 000000 191191 191197 185185 223231 187187 135160 232268 257261 182184 243243
Population-2.4 ,  178182 216224 239239 191193 191191 189189 223223 187190 131131 228232 261265 182182 243243
Population-2.40 ,  178186 216224 235239 191191 191191 185189 222223 187187 131160 232232 261261 184186 243243
Population-2.41 ,  174178 224224 235235 191191 191197 185185 223230 187187 123131 228232 257261 186192 243268
Population-2.42 ,  178178 224224 235238 191191 191191 185185 223231 187187 123160 232252 257261 182184 235243
Population-2.43 ,  174178 216216 231235 191191 191191 181185 223230 187187 131131 232252 261265 184186 243243
Population-2.44 ,  182182 216224 235235 191191 191191 185185 223223 187187 131131 232232 257261 184186 235268
Population-2.45 ,  174186 224224 235239 191191 191191 185189 223223 187187 131131 232232 257261 186186 243243
Population-2.46 ,  178178 224224 238238 191191 191191 185185 223231 187187 131131 224232 257261 184186 243243
Population-2.47 ,  166178 224224 239239 191191 191191 189189 223223 187187 131131 232268 261261 184192 243243
Population-2.48 ,  178178 224224 223239 191191 191197 173189 223231 187187 160160 232232 257257 184186 243243
Population-2.49 ,  174178 224224 235239 191191 191191 185189 230231 187187 160160 228232 261261 184186 243268
Population-2.5 ,  178178 224224 235238 191191 191191 185185 223223 187187 131160 252268 257261 184186 268268
Population-2.5 ,  178182 216224 235239 191191 191191 185189 231231 187187 131131 228232 261261 184184 243263
Population-2.50 ,  178190 224224 235238 191191 191191 185185 223230 187187 131160 232252 257265 182184 243256
Population-2.6 ,  178182 224224 235235 191191 191197 185185 223223 187187 123131 228232 257261 182186 243243
Population-2.6 ,  182190 216224 235238 191191 191191 185185 230231 187187 131131 232256 261261 184186 243243
Population-2.7 ,  178198 216224 235235 191193 191197 185185 223231 187190 131160 232249 261261 182184 243243
Population-2.8 ,  166178 224236 223235 191191 191197 173185 223223 187187 131160 236268 261265 182184 243243
Population-2.8 ,  174182 224224 238238 191191 191197 185185 223223 187187 131160 232232 257265 182184 243268
Population-2.9 ,  178186 216224 238239 191191 191191 185189 223223 187187 131160 232232 261265 182184 243243
Population-2.9 ,  186186 224224 239239 191191 191191 189189 223223 187187 131160 228232 261261 184184 243268
Pop
Population-3.10 ,  178186 216216 231235 191191 191191 181185 223231 187187 127127 228232 261261 184184 243268
Population-3.11 ,  178182 224224 235235 191191 191191 185185 223231 187187 131160 232232 261261 182184 243243
Population-3.12 ,  178178 224224 219235 191191 197197 169185 223223 187187 123131 232232 261261 184184 243243
Population-3.13 ,  174174 224224 235239 191193 191197 185189 223231 187190 123131 252268 253261 182184 243268
Population-3.14 ,  174178 216224 235235 191193 180191 174185 223223 187190 131131 232252 261261 182186 243243
Population-3.15 ,  178182 216216 235239 191191 191191 185189 223223 187187 123160 232232 257265 182184 246248
Population-3.16 ,  178178 224224 235239 191191 191191 185189 223231 187187 131160 232268 257261 182186 243243
Population-3.17 ,  178178 224224 235235 191191 191197 185185 230230 187187 131131 232232 261261 184186 243268
Population-3.18 ,  174174 216216 235238 191193 191191 185185 223231 187190 131135 228236 261261 184184 243243
Population-3.2 ,  178186 224224 239239 191193 191191 189189 223231 187190 139152 232252 261261 182184 243268
Population-3.20 ,  178182 224224 235238 191193 197197 185185 223223 187190 123131 232232 261261 184186 243243
Population-3.21 ,  178186 224224 231231 191191 191197 181181 223223 187187 131131 232232 257257 186186 243243
Population-3.22 ,  178186 224224 235238 191193 191197 185185 223230 187190 131131 232252 257257 184184 243268
Population-3.23 ,  174178 216224 235235 191193 191191 185185 223223 187190 139139 232232 261261 182184 243243
Population-3.24 ,  174178 216224 235238 191191 191197 185185 223231 187187 131131 228228 257257 184184 243243
Population-3.25 ,  178182 220224 235239 191193 191191 185189 223223 187190 131131 232260 257265 178186 243268
Population-3.26 ,  178178 224224 235235 191191 191191 185185 223231 187187 131135 232260 257257 186186 243243
Population-3.27 ,  178178 224224 235239 191191 191197 185189 223223 187187 131160 232232 261265 182184 248268
Population-3.28 ,  178178 216224 235239 191191 191191 185189 223223 187187 131131 232249 261261 182186 243243
Population-3.29 ,  174178 212224 235235 191191 191191 185185 223223 187187 131160 232249 261265 182184 243243
Population-3.3 ,  178190 224224 235239 191191 191191 185189 223230 187187 131131 232232 257261 184186 243243
Population-3.30 ,  182182 224224 235235 191191 191191 185185 223223 187187 131160 232232 257261 182184 243243
Population-3.31 ,  178182 224224 235239 191191 191191 185189 223231 187187 131131 252268 261261 182184 243243
Population-3.32 ,  178182 216224 235239 191191 191191 185189 223223 187187 131160 232252 261261 182184 268268
Population-3.33 ,  178186 224224 235239 191191 191191 185189 223223 187187 123160 232252 257261 182182 243243
Population-3.34 ,  174174 216224 235235 191191 191191 185185 223223 187187 131131 232232 261261 182184 243243
Population-3.35 ,  182190 224224 235238 191191 191197 185185 223231 187187 131160 232232 261261 182186 243268
Population-3.36 ,  174182 216224 235235 191191 191197 185185 223223 187187 131131 228240 257257 182186 243243
Population-3.37 ,  174178 216224 235235 191193 180191 173185 223230 187190 131131 232252 261261 182186 243243
Population-3.38 ,  182198 224224 235238 191191 191191 185185 223231 187187 131131 232252 257261 182186 243268
Population-3.39 ,  178186 224224 231239 191193 191191 185185 223231 187190 131160 232232 261261 184184 243243
Population-3.4 ,  178190 216224 223238 191191 191191 173185 223223 187187 131160 252268 261261 182186 246268
Population-3.40 ,  178178 224224 227238 191191 191191 177185 223231 187187 131131 252252 261261 182186 243243
Population-3.41 ,  178178 224224 235235 191191 180191 185185 230231 187187 131131 232232 257261 184184 243243
Population-3.42 ,  186186 224224 235235 191193 191197 185185 223231 187190 131131 232232 261261 182186 243243
Population-3.43 ,  186186 224224 235238 191191 191191 185185 223231 187187 131131 232252 261261 182186 243243
Population-3.44 ,  182182 216216 235238 191191 191191 185185 223231 187187 131160 232232 261265 182186 243243
Population-3.45 ,  174178 224224 235235 191191 191197 185185 223223 187187 131131 232232 257261 184186 243243
Population-3.46 ,  178182 224224 239239 191191 191191 189189 223231 187187 131131 228232 257261 182184 243248
Population-3.47 ,  178182 224224 235239 191191 191197 185189 230231 187187 131131 232252 261261 182182 243268
Population-3.48 ,  178178 224224 234238 191191 191191 185189 223223 187187 131160 228232 257261 182184 243243
Population-3.49 ,  178186 216224 235239 191191 191191 185189 223223 187187 131131 232252 240261 182182 243243
Population-3.5  ,  178178 224224 235235 191191 197197 185185 223231 187187 131160 228232 261261 184184 268268
Population-3.50 ,  178186 212224 235238 191191 191191 185185 223223 187187 131131 228232 261261 182184 243268
Population-3.6  ,  178182 224224 238239 191191 191191 185189 223231 187187 131131 228232 257257 182184 243243
Population-3.7  ,  178190 216224 235238 191191 191191 185185 223230 187187 131160 232232 261261 184184 243243
Population-3.8  ,  182182 224224 235239 191193 191197 185189 223223 187190 160160 232252 261261 182186 243243
Population-3.9  ,  178186 216224 238238 191191 191191 185185 223231 187187 131160 232236 261265 182186 243243
Pop
Population-4.1 ,  174178 224224 235235 191193 191191 185185 223231 187190 131131 252268 257261 182182 243268
Population-4.10 ,  174186 216224 239239 191193 191197 185189 223231 187190 000000 232232 257261 184184 243243
Population-4.11 ,  178178 216224 235235 191191 191191 185185 223231 187187 123131 232252 257257 182186 243243
Population-4.12 ,  174186 216224 231238 191191 191191 181185 223254 187187 123131 232268 257261 184184 243243
Population-4.13 ,  178186 224224 238239 191191 191191 185189 223231 000000 131160 232252 261261 184186 243268
Population-4.14 ,  174178 224224 235238 191191 191191 185185 223223 000000 131160 232232 257261 184211 243268
Population-4.15 ,  186194 224224 235238 191191 191197 185185 223231 187187 131160 232232 257261 182182 243268
Population-4.16 ,  174174 224224 235235 191193 191191 185185 223223 000000 123160 228232 257257 182184 000000
Population-4.17 ,  186186 224224 238239 191191 191191 185189 223230 187187 131160 232232 257261 184192 243256
Population-4.18 ,  186190 216224 235235 191193 180191 174185 223230 187190 131160 232232 261261 184184 243243
Population-4.19 ,  174174 216224 235235 191191 191191 185185 223223 187187 131160 232252 257261 182184 243243
Population-4.2 ,  174174 216224 235238 191193 191191 185185 223254 187190 131131 228236 257261 184186 243243
Population-4.20 ,  178178 216224 231235 191191 191191 181185 231231 187187 131160 232232 261261 182184 243268
Population-4.21 ,  178178 216224 235238 191191 191197 174185 223223 187187 160160 232256 257257 184186 243243
Population-4.22 ,  178190 216224 231238 191191 191197 181185 223235 187187 131160 232232 257257 182184 243268
Population-4.23 ,  174178 224224 235238 191191 191191 185185 223231 187187 131160 232252 257265 182186 243268
Population-4.24 ,  178190 224224 231239 191191 191191 181189 223231 000000 131160 232232 261261 184184 243243
Population-4.25 ,  178190 216224 231235 191191 191191 181185 223223 187187 131131 228228 261261 182186 243268
Population-4.26 ,  178178 216216 219219 191191 191191 169189 223223 187187 131131 232232 261265 184186 243243
Population-4.27 ,  178178 224224 235239 191191 191191 185189 223223 187187 131160 232232 261261 182186 243268
Population-4.28 ,  178182 216224 000000 191191 197197 185189 223223 187187 123131 232252 261265 182184 243243
Population-4.29 ,  174178 224224 231235 191191 191191 181185 223231 187187 131143 228249 257261 182184 243243
Population-4.3 ,  178186 224224 235239 191191 191191 185189 223223 187187 123131 228232 261261 184186 243243
Population-4.30 ,  178178 000000 223223 191191 191191 173189 223231 187187 131160 232232 261261 182184 243243
Population-4.31 ,  178178 216224 235239 191191 191191 185189 223230 187187 123123 232232 261265 184184 243268
Population-4.32 ,  182190 224224 231235 191191 191191 181185 223223 187187 131160 228232 261261 186186 243243
Population-4.33 ,  178182 224224 235238 191193 191191 185185 223231 187190 131131 232232 261261 184184 243243
Population-4.34 ,  186186 216224 238239 191191 191191 185189 223223 187187 131131 232256 261261 186186 243243
Population-4.35 ,  178178 216224 235239 191191 191191 185189 223231 187187 131131 232252 257261 182184 243243
Population-4.36 ,  182186 212224 239239 191191 191191 189189 223223 187187 131131 224228 257257 182186 243243
Population-4.37 ,  178182 224224 235238 191191 191197 185185 223223 187187 131131 232232 261261 184184 243248
Population-4.38 ,  186186 224224 235235 191191 191191 185185 223223 187187 131131 232232 257265 184186 243268
Population-4.39 ,  186194 224224 238238 191191 191191 185185 223235 187187 131131 232232 257265 182186 243243
Population-4.4 ,  178178 224224 235238 191193 191191 185185 223231 187190 131131 228252 257261 184201 243268
Population-4.40 ,  174190 224224 235238 191191 191191 185185 223223 187187 131131 232240 257261 184184 268268
Population-4.41 ,  178198 224224 235239 191191 191191 185189 210223 176187 131160 232236 261261 182184 243243
Population-4.42 ,  178182 224224 235238 191193 191191 185185 223263 187190 131131 232268 257257 182184 243243
Population-4.43 ,  186186 224224 238239 191191 191191 185189 223223 187187 123160 232232 257261 186186 243243
Population-4.44 ,  174186 216224 235239 191193 191197 185189 223223 187190 131160 232232 261261 182186 243243
Population-4.45 ,  174190 216216 235235 191191 191191 185185 223223 187187 131160 232252 257257 182184 243243
Population-4.46 ,  178190 224224 235235 191193 191197 185185 223223 187190 131131 232252 257261 182184 243243
Population-4.47 ,  178186 216224 235235 191191 191191 185185 231231 187187 131131 249268 257261 182182 243243
Population-4.48 ,  182186 216224 235235 191191 191197 185185 223223 187187 160160 232236 257261 184186 243243
Population-4.49 ,  178186 224224 235239 191191 191191 185189 223223 187187 131160 232252 257261 182184 243243
Population-4.5 ,  178198 224224 239239 191193 191191 189189 223230 187190 131160 232232 257257 182186 243268
Population-4.50 ,  186186 216224 238238 191191 191191 185185 223250 187187 131131 232232 257261 182184 248268
Population-4.6 ,  182186 224224 235235 191191 191191 185185 223235 000000 131131 232268 257261 182182 243268
Population-4.7 ,  174178 216224 238239 191193 191197 185185 223223 187190 131160 232232 261261 182186 243243
Population-4.8 ,  178186 224224 231235 193193 191191 181185 223231 000000 131160 232252 257261 184184 243248

